fetch_time=2024-01-17T01:37:00.256433
fetched=2520
fetched_length=2520
file_lines=2521
file_size=216K
github_actor=jwenerd
github_event_name=schedule
github_job=run
github_ref_name=main
github_repository=jwenerd/ytm-dl
github_run_attempt=1
github_run_id=7549842360
github_run_number=112
github_sha=13b60d5fda5890e0742d6555638ebdd6ba365e66
github_workflow=run
time=2024-01-17T01:37:00.232867
