fetch_time=2024-01-16T21:27:27.604091
fetched=2520
fetched_length=2520
file_lines=2521
file_size=216K
github_actor=jwenerd
github_event_name=schedule
github_job=run
github_ref_name=main
github_repository=jwenerd/ytm-dl
github_run_attempt=1
github_run_id=7547723743
github_run_number=111
github_sha=13b60d5fda5890e0742d6555638ebdd6ba365e66
github_workflow=run
time=2024-01-16T21:27:27.576355
