fetch_time=2024-01-17T03:27:41.577218
fetched=1959
fetched_length=1959
file_lines=1960
file_size=88K
github_actor=jwenerd
github_event_name=schedule
github_job=run
github_ref_name=main
github_repository=jwenerd/ytm-dl
github_run_attempt=1
github_run_id=7550655016
github_run_number=113
github_sha=13b60d5fda5890e0742d6555638ebdd6ba365e66
github_workflow=run
time=2024-01-17T03:27:41.564958
